24Mg(4He,4He)24Mg
Q0 = 0.0 MeV
Assumed 700.0 ug/cm^2 of pure 24Mg.
--
T(1)	Ex(4)	Lab Deg(3)	CM Deg(3)	T(3)	Lab Deg(4)	T(4)	Jac(3)	k(3)	z	QBrho(3)
120.0	4.238	0.0	0.0	115.71200504444016	-3.3402675532575813E-13	0.006680004502413794	1.380579875916472	-0.0	50.12	3122.4000586778543
119.95790227008096	4.238	0.0	0.0	115.7132199805892	-3.339005126948703E-13	0.006682289491436677	1.3805791164377383	-0.0	50.12	3122.4167011774002
120.0	6.432	0.0	0.0	113.50846926545594	-2.1405271955396168E-13	0.01555146628379589	1.3850659612169538	-0.0	50.12	3092.0768070599624
119.95790227008096	6.432	0.0	0.0	113.51034542123034	-2.1397218933377364E-13	0.015556848848063964	1.3850669245731453	-0.0	50.12	3092.1027442319187
120.0	9.305	0.0	0.0	110.6170990676909	-1.4373173145516053E-13	0.03301352486596443	1.3911924604596955	-0.0	50.12	3051.8579836707813
119.95790227008096	9.305	0.0	0.0	110.61987713666485	-1.4367710103483563E-13	0.033025133416231256	1.3911958723649336	-0.0	50.12	3051.8968662300726
